1	26-VV-65	2025	1	3	12	17	3V15	2025	1	3	16	46
2	69-WB-51	2025	10	13	14	32	3J35	2025	10	13	18	1
3	1-TV-92	2025	12	10	23	52	3C30	2025	12	11	1	59
4	47-IE-85	2025	9	9	12	1	2X17	2025	9	9	12	13
5	78-IY-28	2025	10	1	18	42	1J26	2025	10	1	22	55
6	30-ZC-69	2025	12	15	16	34	3I1	2025	12	15	21	49
7	26-MI-22	2025	5	23	18	34	3A8	2025	5	23	19	49
8	38-TR-59	2025	2	29	22	28	3C20	2025	2	30	1	36
9	41-IC-89	2025	10	9	9	12	2E1	2025	10	9	9	18
10	78-LN-49	2025	4	1	21	42	3P23	2025	4	2	2	6
11	71-HA-44	2025	7	2	14	13	2G36	2025	7	2	18	19
12	73-OL-98	2025	11	24	12	26	2A50	2025	11	24	15	39
13	89-UT-22	2025	12	8	17	18	3E28	2025	12	8	18	18
14	36-CF-87	2025	9	1	19	49	1V44	2025	9	1	19	51
15	80-XI-19	2025	9	27	16	47	2G13	2025	9	27	16	58
16	62-UU-77	2025	9	11	20	52	1B3	2025	9	11	20	8
17	6-AR-86	2025	9	1	17	26	2J36	2025	9	1	22	48
18	80-GX-39	2025	8	14	19	55	3A36	2025	8	14	20	8
19	49-KA-83	2025	5	2	23	25	3K47	2025	5	3	0	37
20	82-BX-6	2025	4	7	18	30	1V7	2025	4	7	23	45
21	34-PL-93	2025	12	9	11	21	3L33	2025	12	9	16	31
22	91-AS-48	2025	7	2	14	12	1N46	2025	7	2	18	19
23	63-PH-24	2025	12	2	16	5	1D35	2025	12	2	17	22
24	52-EJ-63	2025	1	26	13	55	2Q34	2025	1	26	16	13
25	49-ZC-12	2025	2	28	18	59	3N18	2025	2	28	20	9
26	0-SH-49	2025	7	11	22	2	2X21	2025	7	12	3	13
27	12-KA-72	2025	6	23	21	33	1C20	2025	6	24	1	52
28	88-IQ-5	2025	2	16	21	44	3B43	2025	2	17	2	52
29	52-DM-60	2025	10	2	14	2	2Z1	2025	10	2	15	15
30	61-YS-69	2025	8	26	18	58	2D18	2025	8	26	20	11
31	70-EN-53	2025	6	6	13	58	3L3	2025	6	6	13	20
32	59-OY-82	2025	12	12	20	6	2O14	2025	12	13	0	26
33	63-WF-22	2025	10	15	13	14	1X28	2025	10	15	14	14
34	56-TI-8	2025	2	21	18	22	3D5	2025	2	21	20	28
35	19-RN-82	2025	10	12	19	47	1A37	2025	10	12	19	12
36	1-MJ-28	2025	2	10	11	33	1D29	2025	2	10	15	45
37	96-TI-87	2025	9	20	20	17	1A40	2025	9	20	20	37
38	24-JP-29	2025	3	18	9	6	1G3	2025	3	18	12	11
39	71-YJ-11	2025	3	16	10	47	3T27	2025	3	16	11	48
40	77-UK-89	2025	2	14	9	55	2K17	2025	2	14	11	4
41	83-MK-69	2025	11	23	23	34	2R11	2025	11	24	0	51
42	23-UJ-51	2025	6	13	23	33	3I44	2025	6	14	1	2
43	17-RS-40	2025	3	8	9	0	2E47	2025	3	8	11	21
44	55-TV-34	2025	5	29	11	10	2F36	2025	5	29	15	32
45	90-GK-42	2025	8	13	14	32	3I5	2025	8	13	19	43
46	55-IY-71	2025	12	4	12	58	2T48	2025	12	4	12	28
47	48-FK-0	2025	1	15	12	1	2K17	2025	1	15	14	3
48	18-GF-31	2025	5	3	22	46	3L40	2025	5	4	2	16
49	49-ZO-15	2025	3	22	14	0	2J39	2025	3	22	14	7
50	15-CT-61	2025	4	16	22	25	1P49	2025	4	16	22	48
51	80-DQ-81	2025	9	7	17	35	2G23	2025	9	7	18	44
52	94-EA-26	2025	11	25	20	4	2E46	2025	11	25	21	18
53	54-KV-2	2025	4	9	13	59	2X10	2025	4	9	18	23
54	29-YI-27	2025	5	7	22	29	1I27	2025	5	8	0	47
55	9-BR-50	2025	10	13	9	58	1M29	2025	10	13	9	13
56	41-GP-88	2025	1	28	9	18	3L14	2025	1	28	10	19
57	81-UK-84	2025	4	10	10	48	1U30	2025	4	10	12	58
58	69-OX-33	2025	5	22	20	51	2R15	2025	5	23	1	7
59	16-YU-11	2025	7	15	10	58	2O47	2025	7	15	11	23
60	98-LU-1	2025	3	16	21	37	3L29	2025	3	17	0	52
61	49-LU-35	2025	6	19	14	31	1M10	2025	6	19	15	59
62	81-VA-0	2025	11	16	19	38	3R47	2025	11	16	23	3
63	48-CG-61	2025	7	25	16	20	3T16	2025	7	25	17	26
64	22-HE-53	2025	5	27	16	4	1X40	2025	5	27	18	25
65	28-FO-67	2025	10	21	19	38	1M47	2025	10	21	20	44
66	58-GR-80	2025	1	8	17	50	1R6	2025	1	8	17	2
67	54-PT-4	2025	1	16	20	17	3D5	2025	1	16	21	44
68	1-BV-95	2025	11	19	11	52	1N30	2025	11	19	13	6
69	79-FE-7	2025	2	10	16	16	3W28	2025	2	10	17	42
70	32-EU-98	2025	1	22	22	40	1G20	2025	1	23	2	1
71	84-HL-9	2025	10	7	8	2	1J26	2025	10	7	9	18
72	31-NL-86	2025	2	10	9	8	3F21	2025	2	10	10	35
73	97-AH-49	2025	4	2	9	32	1M21	2025	4	2	9	57
74	2-HB-56	2025	10	6	18	3	2I39	2025	10	6	18	30
75	53-OQ-65	2025	6	4	13	13	2Q33	2025	6	4	18	20
76	46-LT-13	2025	2	22	22	58	2D9	2025	2	23	0	6
77	31-VN-56	2025	9	25	17	54	1W3	2025	9	25	22	15
78	93-JA-40	2025	6	5	8	36	2N42	2025	6	5	9	4
79	62-HI-1	2025	11	11	11	38	2E40	2025	11	11	14	40
80	79-YU-78	2025	4	5	20	15	3W8	2025	4	6	1	19
81	66-HQ-41	2025	4	15	12	45	2L46	2025	4	15	13	59
82	37-KT-50	2025	5	22	23	52	3B39	2025	5	23	0	15
83	76-UY-2	2025	6	12	21	0	2P12	2025	6	12	21	26
84	20-TY-20	2025	12	11	9	47	2R8	2025	12	11	10	51
85	56-EK-25	2025	4	9	9	50	2C29	2025	4	9	10	56
86	18-HW-77	2025	10	24	14	52	1X36	2025	10	24	19	53
87	14-FN-44	2025	1	4	18	31	2N17	2025	1	4	22	32
88	25-GJ-94	2025	10	7	15	31	2T16	2025	10	7	18	39
89	20-NR-61	2025	3	23	13	0	3V2	2025	3	23	16	0
90	69-VK-78	2025	6	17	19	54	2P2	2025	6	17	22	1
91	28-CE-73	2025	11	1	21	9	2N4	2025	11	1	23	15
92	76-CW-93	2025	1	26	19	6	2V48	2025	1	26	19	7
93	61-YZ-45	2025	7	7	10	1	2Z49	2025	7	7	13	3
94	75-CH-76	2025	12	9	15	16	1M40	2025	12	9	16	39
95	45-RV-5	2025	11	13	18	3	2P46	2025	11	13	21	17
96	3-BZ-3	2025	11	1	14	55	2Y21	2025	11	1	18	17
97	50-UV-9	2025	9	1	11	56	1G1	2025	9	1	15	24
98	82-UD-43	2025	9	26	12	21	1E34	2025	9	26	16	51
99	11-BR-13	2025	1	24	8	30	1Q24	2025	1	24	10	38
100	51-JJ-93	2025	1	11	12	42	2Q7	2025	1	11	13	54
101	78-SP-61	2025	4	2	21	6	2P47	2025	4	2	21	6
102	29-NQ-92	2025	9	5	8	51	2A37	2025	9	5	8	6
103	89-RY-62	2025	9	29	17	57	1R14	2025	9	29	21	24
104	55-EU-33	2025	6	25	13	8	2S28	2025	6	25	16	21
105	1-DQ-86	2025	3	15	21	3	3E7	2025	3	16	0	4
106	4-EW-25	2025	5	13	10	30	3Q15	2025	5	13	13	49
107	23-IY-12	2025	12	10	15	13	2P12	2025	12	10	16	33
108	58-TV-7	2025	6	16	13	50	1A15	2025	6	16	13	18
109	49-KV-12	2025	7	4	14	21	3T39	2025	7	4	17	33
110	40-EE-14	2025	9	7	22	12	1J35	2025	9	8	1	37
111	90-UR-63	2025	4	2	9	17	2K18	2025	4	2	10	28
112	30-SY-55	2025	12	28	21	38	2E23	2025	12	29	1	5
113	87-DJ-4	2025	9	21	20	37	2T27	2025	9	21	20	51
114	48-SN-5	2025	11	8	22	32	2C5	2025	11	9	3	40
115	35-NF-34	2025	6	28	17	19	2L14	2025	6	28	18	30
116	70-LU-88	2025	2	19	21	1	1M20	2025	2	20	0	11
117	76-OL-28	2025	10	15	18	30	2Y35	2025	10	15	19	56
118	77-VM-25	2025	5	3	23	47	2S32	2025	5	4	0	55
119	59-FT-44	2025	10	13	14	49	2Y19	2025	10	13	15	6
120	97-RU-83	2025	4	17	22	18	2U37	2025	4	18	2	47
121	30-AS-0	2025	6	29	9	25	2F39	2025	6	29	10	34
122	12-TT-19	2025	9	19	12	14	1J18	2025	9	19	13	38
123	66-WM-24	2025	2	12	23	17	2E50	2025	2	12	23	39
124	63-SQ-46	2025	3	7	21	10	1C43	2025	3	8	0	21
125	91-ES-87	2025	5	20	21	56	3N33	2025	5	21	0	18
126	74-OI-54	2025	5	19	18	10	1Z28	2025	5	19	19	24
127	89-TR-95	2025	10	10	11	4	1D35	2025	10	10	14	20
128	62-CY-61	2025	1	24	23	3	1O17	2025	1	25	2	32
129	81-IB-44	2025	2	7	19	18	3R11	2025	2	7	22	45
130	81-GT-94	2025	11	7	11	12	3G9	2025	11	7	13	12
131	43-GJ-31	2025	12	16	19	32	2V16	2025	12	16	21	46
132	96-UE-62	2025	11	16	17	28	3Z46	2025	11	16	18	45
133	56-OA-50	2025	9	7	15	51	3C3	2025	9	7	17	54
134	5-OQ-62	2025	2	27	17	11	1X24	2025	2	27	18	22
135	98-NY-85	2025	5	14	20	29	3B3	2025	5	14	22	52
136	60-DB-30	2025	6	14	15	8	3L16	2025	6	14	19	28
137	72-JR-30	2025	2	27	23	33	2I44	2025	2	28	1	34
138	45-EO-6	2025	2	9	16	37	2W22	2025	2	9	18	48
139	8-NG-68	2025	5	16	13	6	3G23	2025	5	16	17	11
140	0-KF-52	2025	3	20	18	6	1Z11	2025	3	20	21	25
141	11-JL-59	2025	11	16	9	11	2M50	2025	11	16	13	38
142	27-PK-63	2025	7	1	19	30	2T11	2025	7	1	21	36
143	89-LY-55	2025	3	20	21	42	1N12	2025	3	21	2	47
144	44-JK-49	2025	9	2	15	44	3D38	2025	9	2	16	4
145	20-DG-77	2025	6	29	13	16	3U43	2025	6	29	14	18
146	78-GC-77	2025	8	11	16	29	2S7	2025	8	11	18	57
147	55-TB-20	2025	2	9	14	17	3L47	2025	2	9	18	18
148	61-MZ-13	2025	6	4	15	44	2I14	2025	6	4	16	59
149	3-EF-6	2025	4	4	13	45	3M9	2025	4	4	18	11
150	22-UM-41	2025	8	9	23	30	3P3	2025	8	10	3	44
151	40-YZ-17	2025	5	26	13	37	2J38	2025	5	26	14	40
152	55-RY-52	2025	12	22	21	50	2U46	2025	12	23	0	6
153	68-EU-98	2025	4	26	13	53	2O20	2025	4	26	18	59
154	82-KG-44	2025	5	23	14	59	3J36	2025	5	23	15	4
155	81-AI-61	2025	7	7	9	15	1F40	2025	7	7	12	39
156	44-AB-30	2025	6	1	21	44	1R26	2025	6	2	0	53
157	62-IS-98	2025	9	28	11	54	2O50	2025	9	28	12	5
158	34-MG-85	2025	7	25	14	12	2U47	2025	7	25	17	42
159	15-OI-77	2025	12	24	20	20	1M40	2025	12	24	23	45
160	93-ED-89	2025	4	17	23	11	2K6	2025	4	18	2	12
161	16-TQ-21	2025	10	22	11	55	2N44	2025	10	22	12	5
162	86-YE-90	2025	2	18	21	1	3G24	2025	2	19	0	20
163	68-AE-24	2025	3	25	9	27	2K27	2025	3	25	14	44
164	84-VH-15	2025	7	12	14	0	3A9	2025	7	12	16	13
165	67-BN-83	2025	5	12	15	56	3V4	2025	5	12	20	9
166	83-AW-28	2025	3	18	16	8	2N8	2025	3	18	18	14
167	48-MB-59	2025	6	3	21	57	2M28	2025	6	4	1	19
168	82-YT-25	2025	6	9	18	55	1X25	2025	6	9	21	20
169	55-SX-1	2025	12	28	13	58	2C46	2025	12	28	13	19
170	43-BX-53	2025	2	24	17	54	1G9	2025	2	24	17	4
171	48-ZK-91	2025	5	5	16	53	2J3	2025	5	5	16	13
172	51-TO-30	2025	5	1	18	10	3W42	2025	5	1	19	17
173	65-YJ-19	2025	3	12	10	41	3Q6	2025	3	12	15	3
174	98-NR-73	2025	9	26	11	30	1R43	2025	9	26	14	31
175	58-XX-34	2025	8	11	19	29	1L1	2025	8	11	21	29
176	88-AR-16	2025	8	5	8	10	1I15	2025	8	5	8	16
177	95-OY-92	2025	4	4	19	16	1S39	2025	4	5	0	23
178	36-GH-94	2025	8	21	8	0	2I46	2025	8	21	11	17
179	91-RT-31	2025	5	24	12	58	2W16	2025	5	24	16	12
180	52-XZ-2	2025	8	4	8	13	1N30	2025	8	4	8	14
181	62-GG-2	2025	9	7	11	48	2F46	2025	9	7	16	53
182	2-DS-58	2025	10	20	22	30	1Q50	2025	10	21	1	30
183	55-AD-39	2025	9	26	21	29	3J24	2025	9	27	2	48
184	77-TE-34	2025	6	24	23	30	1Q12	2025	6	25	3	55
185	72-RH-27	2025	1	8	19	19	1A40	2025	1	8	21	35
186	28-DA-47	2025	11	13	10	29	3F20	2025	11	13	12	31
187	22-ML-36	2025	2	21	9	0	3H47	2025	2	21	13	16
188	63-CJ-70	2025	2	17	19	36	1C14	2025	2	18	0	6
189	31-SL-89	2025	11	21	23	30	1B3	2025	11	21	23	50
190	58-KV-73	2025	8	18	16	33	1B32	2025	8	18	19	35
191	62-DX-54	2025	8	8	16	50	1J44	2025	8	8	19	9
192	78-KY-3	2025	4	25	15	14	2F47	2025	4	25	20	30
193	42-WV-13	2025	3	4	16	49	2R14	2025	3	4	18	0
194	15-QD-90	2025	9	19	16	5	3O31	2025	9	19	18	33
195	2-EI-17	2025	9	28	8	34	3T19	2025	9	28	11	54
196	54-UB-10	2025	10	14	12	14	1O13	2025	10	14	14	23
197	40-YR-78	2025	8	9	9	0	2V15	2025	8	9	11	14
198	10-KE-35	2025	5	28	16	18	3R28	2025	5	28	21	33
199	83-XI-8	2025	12	16	10	23	3J9	2025	12	16	15	31
200	92-IJ-58	2025	10	23	18	22	3L27	2025	10	23	20	33
201	93-SG-24	2025	5	19	16	35	2Y34	2025	5	19	20	47
202	40-JA-23	2025	11	10	16	10	3I45	2025	11	10	16	39
203	10-JF-27	2025	11	17	10	26	1N1	2025	11	17	14	50
204	24-IB-83	2025	6	4	8	26	3I6	2025	6	4	12	49
205	40-BN-28	2025	2	27	15	47	3N10	2025	2	27	15	7
206	52-KD-82	2025	6	29	20	23	3X42	2025	6	29	22	38
207	37-ZY-12	2025	11	22	16	20	3X4	2025	11	22	18	37
208	58-GB-68	2025	8	12	20	38	2J46	2025	8	12	23	40
209	88-US-58	2025	12	18	18	30	3P21	2025	12	18	20	48
210	66-DR-82	2025	6	5	22	5	3C1	2025	6	6	2	35
211	41-KA-21	2025	4	21	10	9	3S29	2025	4	21	11	25
212	26-XD-52	2025	5	8	18	50	3P27	2025	5	8	19	50
213	7-MO-65	2025	5	25	12	56	2P8	2025	5	25	12	6
214	29-DD-0	2025	5	8	9	49	3N21	2025	5	8	12	58
215	73-UV-55	2025	2	18	13	3	3W24	2025	2	18	13	29
216	93-QV-12	2025	4	25	19	4	2U33	2025	4	25	20	19
217	54-MU-42	2025	6	9	10	48	2T50	2025	6	9	10	6
218	88-TW-97	2025	4	20	12	23	3M22	2025	4	20	12	50
219	98-WX-28	2025	11	10	13	13	1Z21	2025	11	10	14	29
220	22-HZ-26	2025	12	8	10	57	1Q19	2025	12	8	10	15
221	36-NP-16	2025	7	19	19	14	2T10	2025	7	19	22	21
222	65-EF-70	2025	11	5	10	29	3D36	2025	11	5	11	37
223	91-JX-24	2025	2	29	23	8	1R41	2025	2	30	0	34
224	50-YA-2	2025	9	6	21	24	3R16	2025	9	7	1	39
225	50-NS-7	2025	1	8	13	0	3K43	2025	1	8	16	8
226	92-SW-23	2025	8	8	11	19	2P35	2025	8	8	16	27
227	81-HT-44	2025	11	14	17	57	2Q30	2025	11	14	18	9
228	80-QG-99	2025	12	13	12	35	2U10	2025	12	13	15	58
229	96-OZ-91	2025	4	4	23	43	3B30	2025	4	5	1	51
230	15-RH-55	2025	12	28	14	55	1M29	2025	12	28	18	11
231	6-EC-46	2025	11	20	9	38	1A23	2025	11	20	14	56
232	42-HG-52	2025	3	27	9	45	2J13	2025	3	27	14	10
233	78-SZ-51	2025	5	15	21	45	1M2	2025	5	15	23	2
234	69-XL-9	2025	9	24	23	27	3U23	2025	9	24	23	45
235	91-SV-78	2025	2	28	22	49	2D1	2025	2	29	3	14
236	78-FL-50	2025	9	25	13	34	1G13	2025	9	25	16	52
237	3-ZW-60	2025	1	17	23	17	1O5	2025	1	17	23	22
238	67-BB-48	2025	6	14	17	57	2I35	2025	6	14	22	27
239	61-NQ-97	2025	6	3	17	7	3B15	2025	6	3	19	14
240	6-FG-70	2025	3	10	20	43	2Z37	2025	3	10	22	5
241	41-ER-6	2025	2	4	21	52	3B36	2025	2	5	1	20
242	44-TM-22	2025	7	22	18	34	2S3	2025	7	22	22	4
243	15-QO-62	2025	6	14	10	40	3J2	2025	6	14	10	0
244	28-SK-92	2025	7	12	20	35	3U15	2025	7	12	21	40
245	11-ND-98	2025	6	10	9	7	2X37	2025	6	10	12	19
246	62-RN-12	2025	6	24	14	43	2M15	2025	6	24	16	56
247	39-PH-73	2025	7	16	9	15	1Y31	2025	7	16	12	22
248	48-XI-58	2025	5	17	9	13	3E45	2025	5	17	14	20
249	13-FZ-18	2025	11	3	9	13	1Z41	2025	11	3	13	32
250	54-VZ-55	2025	1	10	10	28	2K29	2025	1	10	13	31
251	54-EL-12	2025	9	1	17	27	1X6	2025	9	1	17	34
252	96-RJ-97	2025	1	4	20	5	1V19	2025	1	4	23	10
253	70-PR-21	2025	6	14	13	24	2Q43	2025	6	14	15	40
254	43-IX-48	2025	1	24	19	5	3K41	2025	1	24	21	35
255	94-HS-18	2025	2	12	21	12	1E17	2025	2	12	22	16
256	81-WZ-38	2025	3	17	15	45	2T14	2025	3	17	15	6
257	68-DO-90	2025	9	19	8	3	3Y41	2025	9	19	9	12
258	55-SC-22	2025	9	22	8	47	3I21	2025	9	22	11	7
259	49-XJ-25	2025	3	6	11	10	2W47	2025	3	6	16	34
260	95-PN-21	2025	5	12	14	24	3P9	2025	5	12	14	34
261	15-KS-40	2025	6	14	18	17	3K50	2025	6	14	21	37
262	34-ID-10	2025	7	2	22	56	1I12	2025	7	3	3	1
263	61-BN-80	2025	5	9	21	30	1C13	2025	5	10	0	40
264	85-ZA-28	2025	8	21	19	4	2Q22	2025	8	21	20	12
265	53-KY-76	2025	1	13	13	40	1V42	2025	1	13	15	40
266	74-QZ-62	2025	1	27	18	53	2N37	2025	1	27	21	16
267	14-CF-10	2025	7	29	16	38	2P48	2025	7	29	16	7
268	52-ZR-88	2025	6	25	20	2	1H39	2025	6	25	22	9
269	0-OU-20	2025	6	6	18	36	1X18	2025	6	6	23	41
270	2-UB-76	2025	1	12	21	11	3O23	2025	1	13	1	35
271	36-RH-69	2025	11	28	12	52	2R16	2025	11	28	14	6
272	33-VQ-19	2025	8	4	20	40	3K41	2025	8	5	0	8
273	32-WR-74	2025	7	26	21	5	1J17	2025	7	26	22	7
274	88-CY-90	2025	3	20	9	16	2V28	2025	3	20	12	37
275	17-AU-88	2025	12	27	15	59	1I33	2025	12	27	20	22
276	25-UR-81	2025	11	5	17	29	3P44	2025	11	5	19	52
277	50-DY-22	2025	1	15	22	35	1G30	2025	1	16	2	58
278	12-BG-49	2025	1	6	14	52	1Q12	2025	1	6	17	22
279	25-LW-8	2025	12	15	14	26	2F36	2025	12	15	15	46
280	38-GU-79	2025	5	5	23	17	2A28	2025	5	6	0	33
281	34-KQ-5	2025	5	8	8	45	1A20	2025	5	8	8	57
282	98-VY-92	2025	2	28	18	45	3I3	2025	2	28	20	57
283	28-YA-76	2025	12	5	22	37	1Z38	2025	12	6	2	7
284	54-FO-44	2025	11	23	12	17	3H34	2025	11	23	12	28
285	17-FF-50	2025	12	17	11	33	1R15	2025	12	17	12	44
286	62-HC-64	2025	6	1	23	27	2Z50	2025	6	2	4	29
287	88-LW-40	2025	5	23	13	1	3N42	2025	5	23	15	18
288	25-AQ-50	2025	12	26	22	16	3W23	2025	12	27	1	22
289	93-VJ-57	2025	10	12	9	18	2O8	2025	10	12	10	46
290	91-UO-57	2025	3	20	15	4	2C27	2025	3	20	19	14
291	85-HQ-7	2025	2	20	10	23	1T6	2025	2	20	12	24
292	11-QE-58	2025	2	21	8	57	3C19	2025	2	21	11	7
293	55-FF-74	2025	11	22	22	24	2W6	2025	11	23	1	33
294	43-HJ-55	2025	7	25	17	44	3I13	2025	7	25	21	53
295	23-YX-55	2025	9	16	13	31	1X41	2025	9	16	14	38
296	41-YW-81	2025	6	19	9	27	3V35	2025	6	19	11	33
297	37-IR-9	2025	11	8	16	54	2K49	2025	11	8	17	54
298	24-LC-41	2025	7	9	14	48	3Y38	2025	7	9	16	51
299	4-XC-91	2025	7	2	21	55	2Z29	2025	7	2	22	19
300	60-DH-4	2025	4	29	16	37	3K44	2025	4	29	21	2
301	35-WM-71	2025	12	10	19	12	3U25	2025	12	10	23	38
302	79-LM-34	2025	5	24	16	28	3H35	2025	5	24	19	39
303	11-PG-24	2025	5	25	14	34	3B36	2025	5	25	19	36
304	73-LJ-18	2025	2	1	8	29	3B38	2025	2	1	8	54
305	66-MP-58	2025	1	27	17	15	3H41	2025	1	27	17	25
306	69-SO-54	2025	7	23	23	35	2I44	2025	7	23	23	37
307	58-NU-81	2025	10	9	22	42	3R14	2025	10	10	0	58
308	77-YP-27	2025	2	8	14	5	3I17	2025	2	8	14	27
309	65-IH-84	2025	11	4	20	22	1U5	2025	11	4	22	25
310	18-DH-85	2025	10	25	16	20	2Y18	2025	10	25	18	23
311	48-YI-35	2025	9	28	18	47	2A48	2025	9	28	19	47
312	11-HQ-55	2025	9	8	17	6	1G42	2025	9	8	22	33
313	50-EB-60	2025	2	5	23	1	3U34	2025	2	5	23	5
314	42-KY-67	2025	11	18	20	0	2F49	2025	11	18	20	25
315	74-QD-81	2025	6	8	16	18	1X29	2025	6	8	21	23
316	27-BI-12	2025	12	12	14	8	2L23	2025	12	12	19	23
317	70-UF-91	2025	8	24	13	49	3P29	2025	8	24	15	8
318	35-OA-39	2025	3	16	16	52	1O3	2025	3	16	21	17
319	93-RO-25	2025	1	6	16	43	2K36	2025	1	6	16	7
320	33-RY-16	2025	7	12	13	47	3I44	2025	7	12	18	3
321	20-RJ-46	2025	2	2	14	41	2C6	2025	2	2	14	51
322	50-XO-90	2025	3	9	8	32	2Z21	2025	3	9	9	47
323	82-AU-12	2025	11	7	15	25	2O39	2025	11	7	16	51
324	48-EQ-18	2025	8	24	23	49	1F2	2025	8	25	4	50
325	16-UR-72	2025	11	4	8	54	2B19	2025	11	4	12	3
326	71-XY-52	2025	6	3	20	32	3M29	2025	6	3	22	2
327	24-JA-80	2025	3	13	19	15	1X27	2025	3	13	22	15
328	49-YJ-0	2025	4	2	20	40	3V14	2025	4	2	20	42
329	30-MT-71	2025	6	18	20	35	2Z8	2025	6	19	0	36
330	69-QY-67	2025	3	8	11	26	2C12	2025	3	8	12	34
331	94-JA-17	2025	2	16	20	14	1H40	2025	2	16	21	41
332	2-PH-8	2025	9	9	23	31	2K1	2025	9	10	0	36
333	83-BN-84	2025	9	25	16	52	1U32	2025	9	25	20	58
334	53-ST-48	2025	2	13	11	0	2S8	2025	2	13	15	26
335	19-XS-3	2025	10	3	13	26	2K5	2025	10	3	14	40
336	1-WZ-21	2025	5	6	10	18	3U11	2025	5	6	14	40
337	3-IZ-84	2025	10	12	14	12	1U27	2025	10	12	16	35
338	67-OU-49	2025	5	16	19	44	2I44	2025	5	16	22	11
339	4-AW-33	2025	2	9	16	20	2F20	2025	2	9	18	40
340	93-ZM-42	2025	5	13	14	54	3P29	2025	5	13	14	6
341	59-SN-87	2025	10	2	14	35	1F43	2025	10	2	17	45
342	43-XX-70	2025	5	10	14	42	1P39	2025	5	10	16	49
343	39-ML-62	2025	6	12	18	43	1W47	2025	6	12	21	4
344	30-AW-32	2025	3	12	13	15	3V4	2025	3	12	16	32
345	79-NF-98	2025	7	18	17	51	3A27	2025	7	18	22	56
346	48-IT-8	2025	1	15	15	9	2H9	2025	1	15	15	24
347	24-AS-98	2025	5	12	16	55	1K19	2025	5	12	19	8
348	57-SS-91	2025	3	4	11	8	2V29	2025	3	4	11	18
349	48-QP-44	2025	10	25	17	6	3K45	2025	10	25	22	17
350	55-BT-70	2025	2	12	8	9	3B8	2025	2	12	13	11
351	75-LC-90	2025	9	8	12	39	1C4	2025	9	8	16	39
352	82-XO-49	2025	5	26	11	54	1Y16	2025	5	26	14	16
353	10-RJ-14	2025	2	15	20	14	1A34	2025	2	16	0	29
354	41-QB-91	2025	10	22	20	50	3N19	2025	10	23	1	58
355	79-HY-43	2025	8	21	23	35	1E6	2025	8	22	4	57
356	78-UL-93	2025	8	19	17	2	1F46	2025	8	19	21	6
357	70-IW-51	2025	6	10	12	6	1M19	2025	6	10	14	6
358	3-OI-55	2025	1	13	16	14	1R22	2025	1	13	19	34
359	89-IR-70	2025	2	21	21	42	3N33	2025	2	22	0	3
360	46-BX-61	2025	10	3	9	18	1H46	2025	10	3	10	37
361	86-VT-35	2025	10	12	15	23	1J29	2025	10	12	19	51
362	57-BD-13	2025	11	28	19	20	1M50	2025	11	28	22	22
363	73-OY-15	2025	10	10	8	49	3M14	2025	10	10	8	54
364	95-MW-81	2025	1	2	16	41	3K32	2025	1	2	16	53
365	88-SN-85	2025	12	13	10	22	2B34	2025	12	13	13	49
366	14-IZ-84	2025	2	26	15	34	3G3	2025	2	26	15	48
367	48-MN-19	2025	5	14	19	44	3X44	2025	5	15	0	2
368	16-ZX-57	2025	10	25	10	55	1B19	2025	10	25	12	7
369	64-TR-64	2025	6	26	21	51	2J22	2025	6	26	22	13
370	97-TN-92	2025	6	17	20	35	1D19	2025	6	17	23	49
371	18-WQ-33	2025	3	28	15	30	1D41	2025	3	28	19	45
372	16-LC-67	2025	2	3	22	11	3T13	2025	2	3	23	14
373	13-VI-84	2025	10	15	15	14	1S3	2025	10	15	17	37
374	73-YN-80	2025	7	27	11	5	1M19	2025	7	27	13	30
375	46-YC-41	2025	9	3	11	19	2U42	2025	9	3	16	48
376	94-BW-0	2025	12	27	9	42	2S7	2025	12	27	14	12
377	6-RI-31	2025	6	20	16	0	1W43	2025	6	20	16	11
378	11-HR-18	2025	12	16	19	38	2R12	2025	12	17	0	7
379	5-AD-95	2025	8	15	12	23	3Z37	2025	8	15	13	42
380	66-OE-38	2025	5	20	22	51	3V20	2025	5	20	22	14
381	53-ZN-94	2025	3	1	14	45	1R47	2025	3	1	18	59
382	48-QM-62	2025	4	9	23	8	1Q3	2025	4	9	23	23
383	1-WL-75	2025	11	19	21	47	3L28	2025	11	20	1	55
384	12-SV-47	2025	8	12	20	40	1D34	2025	8	12	20	4
385	71-ZH-57	2025	6	15	18	40	3N42	2025	6	15	20	7
386	4-XF-33	2025	9	24	9	20	2S39	2025	9	24	11	43
387	6-DF-69	2025	2	16	16	20	3X19	2025	2	16	17	49
388	84-KB-0	2025	12	6	18	32	2D39	2025	12	6	22	38
389	5-VS-78	2025	4	25	9	52	3R7	2025	4	25	11	19
390	83-UG-24	2025	8	15	20	8	2R23	2025	8	15	23	11
391	89-VR-45	2025	12	24	14	36	1I33	2025	12	24	17	36
392	57-KZ-77	2025	8	1	22	35	1S12	2025	8	2	3	57
393	51-UU-96	2025	8	5	9	51	2G18	2025	8	5	11	15
394	89-PC-90	2025	8	21	9	56	3T7	2025	8	21	14	23
395	43-SA-88	2025	9	2	17	29	2O47	2025	9	2	21	51
396	92-MS-69	2025	11	14	22	48	3N7	2025	11	14	23	55
397	82-VA-22	2025	3	26	22	43	2M10	2025	3	26	23	59
398	62-KQ-12	2025	6	14	17	49	1Q25	2025	6	14	18	4
399	36-XD-3	2025	7	8	13	21	3X11	2025	7	8	17	41
400	16-SX-92	2025	5	26	14	14	1B28	2025	5	26	16	35
401	28-EF-91	2025	1	17	9	52	1G34	2025	1	17	11	18
402	25-NS-94	2025	6	13	21	9	1M42	2025	6	14	0	12
403	84-KB-66	2025	11	2	11	57	2G29	2025	11	2	14	9
404	2-OA-21	2025	8	17	9	55	3U39	2025	8	17	14	55
405	63-HS-26	2025	4	26	18	13	2G38	2025	4	26	18	17
406	17-SW-32	2025	10	27	11	26	1B6	2025	10	27	15	40
407	9-LW-40	2025	11	25	19	30	3P33	2025	11	25	22	54
408	20-KG-89	2025	8	1	14	47	1T36	2025	8	1	15	10
409	38-PO-31	2025	3	9	23	30	1E17	2025	3	10	1	34
410	71-LA-96	2025	7	26	15	29	2L48	2025	7	26	19	39
411	31-KY-9	2025	8	7	20	18	1M9	2025	8	8	0	37
412	65-XA-14	2025	7	22	8	19	1H39	2025	7	22	8	36
413	29-IG-19	2025	8	24	9	8	1G7	2025	8	24	14	28
414	10-XG-80	2025	12	5	12	47	1P28	2025	12	5	13	52
415	32-PH-4	2025	6	4	14	2	2B8	2025	6	4	15	27
416	4-TY-58	2025	1	18	18	17	3S17	2025	1	18	19	37
417	3-TW-85	2025	12	15	13	43	2O22	2025	12	15	18	50
418	20-ZY-62	2025	10	6	16	40	3R7	2025	10	6	21	54
419	44-WC-70	2025	8	6	22	26	1M47	2025	8	6	23	41
420	86-AS-91	2025	9	23	11	39	2K40	2025	9	23	13	7
421	18-MB-25	2025	6	22	10	33	3B5	2025	6	22	10	38
422	59-JC-80	2025	9	29	13	58	1N30	2025	9	29	14	4
423	56-QT-21	2025	7	26	16	35	3P50	2025	7	26	16	40
424	12-OU-94	2025	7	24	9	15	3R43	2025	7	24	9	23
425	50-OO-20	2025	5	9	10	27	2F29	2025	5	9	13	34
426	21-JE-30	2025	10	3	11	58	2Q38	2025	10	3	11	15
427	2-ZY-62	2025	8	26	18	38	2G4	2025	8	26	22	8
428	60-DD-39	2025	1	5	22	49	2P11	2025	1	6	0	11
429	29-QH-28	2025	2	8	20	47	1R41	2025	2	9	0	5
430	25-WH-41	2025	3	4	10	29	1U14	2025	3	4	14	46
431	5-WW-60	2025	1	28	22	5	1D9	2025	1	29	1	19
432	42-AU-59	2025	2	27	12	13	2H9	2025	2	27	17	28
433	82-NA-58	2025	5	10	15	38	1X11	2025	5	10	19	39
434	94-CE-40	2025	9	14	12	0	2U24	2025	9	14	13	3
435	64-BP-45	2025	8	8	8	42	1P5	2025	8	8	11	12
436	87-ND-86	2025	1	16	19	22	2C25	2025	1	16	20	36
437	42-UN-68	2025	8	8	13	1	3D25	2025	8	8	13	3
438	33-RV-82	2025	2	8	9	6	2I21	2025	2	8	13	32
439	49-KU-10	2025	12	17	20	41	3Y46	2025	12	17	22	7
440	67-QF-6	2025	1	12	19	43	2F34	2025	1	12	20	58
441	32-YN-79	2025	11	10	21	21	2H31	2025	11	10	23	38
442	49-ZW-3	2025	11	7	18	5	3Y15	2025	11	7	20	12
443	82-CU-7	2025	3	12	18	7	1F45	2025	3	12	20	21
444	43-ON-15	2025	1	22	23	3	3N16	2025	1	23	2	31
445	14-IF-62	2025	8	28	15	6	1L43	2025	8	28	18	31
446	66-RU-62	2025	8	1	20	33	1Y6	2025	8	1	21	42
447	32-YZ-52	2025	8	23	13	16	3C46	2025	8	23	17	39
448	54-WO-29	2025	4	2	17	32	3A17	2025	4	2	21	47
449	12-DJ-37	2025	4	28	23	10	3U19	2025	4	29	4	12
450	19-PR-68	2025	1	7	20	3	3V26	2025	1	7	20	19
451	28-JZ-20	2025	5	1	10	14	1G6	2025	5	1	10	32
452	32-SA-57	2025	1	10	19	14	2H49	2025	1	10	22	30
453	83-DE-18	2025	3	18	9	14	2R22	2025	3	18	11	16
454	77-PZ-89	2025	8	13	9	3	1L28	2025	8	13	11	6
455	22-WA-69	2025	10	16	12	25	2C25	2025	10	16	14	46
456	5-BV-25	2025	6	18	17	14	2K1	2025	6	18	20	23
457	40-SF-84	2025	11	15	11	16	3B21	2025	11	15	13	33
458	46-AV-99	2025	3	25	13	12	2F15	2025	3	25	18	25
459	97-QI-70	2025	12	29	9	31	2W23	2025	12	29	11	32
460	49-LA-29	2025	4	5	23	29	1T22	2025	4	5	23	30
461	73-RP-37	2025	8	24	14	33	2Q36	2025	8	24	16	41
462	50-AH-92	2025	11	15	21	52	2G48	2025	11	16	0	8
463	39-BF-50	2025	2	27	16	2	3F42	2025	2	27	21	2
464	31-BH-5	2025	12	28	11	47	2G4	2025	12	28	16	17
465	43-XX-87	2025	11	6	14	5	3Y12	2025	11	6	16	9
466	40-UT-9	2025	1	26	23	25	2L12	2025	1	27	2	39
467	28-FU-73	2025	6	2	10	59	2U7	2025	6	2	15	12
468	69-IR-85	2025	5	1	9	23	1M13	2025	5	1	13	46
469	99-ZF-58	2025	7	13	13	12	2R10	2025	7	13	15	33
470	17-OT-12	2025	2	19	16	29	3U13	2025	2	19	19	31
471	32-TV-53	2025	3	3	9	57	1S39	2025	3	3	9	6
472	54-TE-8	2025	10	17	21	40	3W31	2025	10	17	21	53
473	81-OO-50	2025	2	24	23	11	3O27	2025	2	25	4	26
474	24-IH-36	2025	8	7	15	39	2S47	2025	8	7	15	0
475	67-MH-30	2025	9	4	19	35	1Q11	2025	9	4	19	3
476	41-CZ-35	2025	7	19	23	27	1P41	2025	7	20	1	37
477	85-IS-92	2025	3	3	15	9	3S32	2025	3	3	18	9
478	30-FM-90	2025	10	26	8	50	3J24	2025	10	26	10	0
479	26-VE-93	2025	12	29	15	1	1B7	2025	12	29	18	14
480	52-AK-6	2025	3	7	16	5	1P7	2025	3	7	16	10
481	17-DG-59	2025	8	15	8	33	2F7	2025	8	15	9	49
482	79-KS-70	2025	6	25	16	6	1I50	2025	6	25	19	9
483	50-HU-27	2025	7	24	11	49	3W16	2025	7	24	14	50
484	50-RY-87	2025	10	21	14	54	1U12	2025	10	21	19	6
485	38-RA-84	2025	4	29	10	4	1J39	2025	4	29	14	18
486	4-LH-21	2025	4	21	8	21	1N23	2025	4	21	8	33
487	94-AG-73	2025	6	21	11	1	3J35	2025	6	21	14	27
488	99-GP-80	2025	4	29	8	11	1W20	2025	4	29	11	19
489	1-YU-49	2025	3	13	22	52	2X49	2025	3	14	0	20
490	82-IH-5	2025	12	23	21	39	2Q16	2025	12	24	1	54
491	43-CW-42	2025	10	25	17	37	2F30	2025	10	25	19	54
492	78-JU-78	2025	12	18	17	53	2S46	2025	12	18	19	17
493	83-CK-33	2025	11	6	15	14	1M7	2025	11	6	19	37
494	50-SI-43	2025	9	19	23	31	1W23	2025	9	19	23	31
495	5-QA-82	2025	10	15	15	0	3D33	2025	10	15	17	25
496	19-OX-86	2025	10	15	14	46	3V32	2025	10	15	19	14
497	22-XS-60	2025	2	16	16	36	1O10	2025	2	16	20	3
498	65-UY-73	2025	7	24	17	33	2S25	2025	7	24	22	45
499	46-JQ-3	2025	10	4	19	19	3Q24	2025	10	4	22	44
500	23-YQ-2	2025	6	19	23	37	2X32	2025	6	20	1	0
501	65-RQ-43	2025	8	4	20	49	3E7	2025	8	4	23	50
502	70-DC-38	2025	11	26	18	16	3C14	2025	11	26	21	34
503	69-RF-8	2025	3	12	13	36	2K25	2025	3	12	15	56
504	12-ME-32	2025	1	21	15	39	3Z24	2025	1	21	16	45
505	92-KH-87	2025	12	25	18	40	1L42	2025	12	25	19	7
506	55-VQ-79	2025	3	9	8	32	2V17	2025	3	9	10	47
507	17-QA-37	2025	12	6	15	51	3V16	2025	12	6	15	12
508	60-GL-93	2025	5	4	20	13	1J24	2025	5	5	0	19
509	64-VN-35	2025	8	10	21	36	2B20	2025	8	10	22	1
510	68-EY-14	2025	10	16	17	51	2U7	2025	10	16	18	52
511	99-UV-78	2025	8	26	14	57	1E12	2025	8	26	18	7
512	25-EQ-75	2025	5	19	14	16	2T43	2025	5	19	16	44
513	57-QK-96	2025	2	10	20	32	2H49	2025	2	10	20	47
514	51-OG-24	2025	11	13	10	11	2R20	2025	11	13	10	25
515	26-EU-22	2025	5	20	16	11	2L46	2025	5	20	18	16
516	93-KX-26	2025	8	1	23	2	2O33	2025	8	2	0	27
517	37-RF-81	2025	6	15	8	52	2S39	2025	6	15	10	59
518	40-TB-32	2025	2	4	22	34	1I38	2025	2	5	2	45
519	88-LJ-51	2025	10	14	18	29	3H42	2025	10	14	22	47
520	78-AM-61	2025	3	23	19	14	1M41	2025	3	23	19	42
521	48-RV-85	2025	12	20	19	8	2Q48	2025	12	21	0	13
522	67-SF-11	2025	5	23	18	7	2R6	2025	5	23	20	9
523	6-ZC-39	2025	11	25	13	27	3F25	2025	11	25	14	30
524	46-JU-56	2025	4	21	15	32	2H21	2025	4	21	17	58
525	49-IK-40	2025	2	8	22	33	1K9	2025	2	9	1	49
526	19-LU-65	2025	6	7	13	46	3P20	2025	6	7	17	51
527	65-WG-6	2025	8	12	21	46	1U17	2025	8	13	0	12
528	13-TP-9	2025	12	3	17	23	2J5	2025	12	3	21	53
529	4-TG-80	2025	10	8	18	57	1M24	2025	10	8	22	19
530	81-YK-65	2025	4	28	13	56	2F16	2025	4	28	13	12
531	54-QO-84	2025	10	18	18	39	2Z38	2025	10	18	19	59
532	50-RK-45	2025	12	13	11	19	2B8	2025	12	13	15	47
533	36-YB-89	2025	2	17	11	22	3V1	2025	2	17	16	46
534	28-JY-49	2025	7	1	21	3	3T25	2025	7	2	0	27
535	45-OS-62	2025	12	8	10	43	1B38	2025	12	8	15	3
536	95-WQ-96	2025	6	15	22	3	2J21	2025	6	15	22	3
537	88-FO-7	2025	9	15	14	39	2I33	2025	9	15	15	45
538	55-PZ-96	2025	6	24	12	35	1Y22	2025	6	24	16	57
539	36-SF-55	2025	4	4	9	38	2J41	2025	4	4	11	38
540	11-CD-71	2025	6	20	12	58	3A30	2025	6	20	16	20
541	11-EK-45	2025	5	11	22	57	1G18	2025	5	12	2	59
542	39-YH-18	2025	12	18	12	19	2O11	2025	12	18	12	28
543	0-SY-9	2025	2	9	21	34	2Y29	2025	2	10	2	57
544	45-QR-46	2025	5	26	22	32	3E36	2025	5	27	1	57
545	61-LS-45	2025	11	16	15	2	1J36	2025	11	16	19	23
546	69-PG-83	2025	12	6	15	0	2P39	2025	12	6	17	2
547	69-SZ-25	2025	6	21	14	54	2J20	2025	6	21	16	9
548	23-AR-47	2025	4	5	14	26	1X2	2025	4	5	17	36
549	62-QZ-22	2025	4	7	16	17	3J33	2025	4	7	18	29
550	11-NH-42	2025	7	27	18	29	1Z39	2025	7	27	23	31
551	35-CB-66	2025	1	17	9	24	1P3	2025	1	17	13	25
552	33-QC-90	2025	2	17	16	31	2V34	2025	2	17	18	41
553	81-HA-78	2025	6	9	12	57	2T19	2025	6	9	15	9
554	13-FM-1	2025	2	11	12	6	3F20	2025	2	11	15	33
555	19-CT-9	2025	10	6	13	43	1G28	2025	10	6	15	59
556	90-LZ-95	2025	5	8	18	13	1A11	2025	5	8	18	42
557	80-II-27	2025	9	12	17	39	1J49	2025	9	12	19	51
558	25-EA-65	2025	11	8	18	25	2R48	2025	11	8	23	40
559	30-SM-75	2025	1	26	22	56	3P6	2025	1	27	3	15
560	65-FV-41	2025	2	13	19	0	2M32	2025	2	13	23	9
561	63-LG-58	2025	5	6	10	39	3Y18	2025	5	6	11	39
562	27-DC-62	2025	9	6	20	37	1Y2	2025	9	7	0	53
563	77-JD-80	2025	7	7	8	19	1D10	2025	7	7	13	36
564	87-LU-21	2025	2	5	23	48	2W43	2025	2	6	1	54
565	90-ZE-57	2025	10	6	19	15	2N2	2025	10	6	23	34
566	44-YY-42	2025	8	21	9	39	3K15	2025	8	21	12	3
567	64-RM-86	2025	4	8	16	20	3D38	2025	4	8	16	41
568	81-LI-87	2025	11	11	21	21	2E45	2025	11	11	22	43
569	64-RW-78	2025	8	23	10	44	2R42	2025	8	23	12	55
570	84-IV-74	2025	7	4	10	52	1O16	2025	7	4	11	15
571	22-GC-98	2025	3	9	13	14	2T21	2025	3	9	14	23
572	61-HX-41	2025	7	16	17	29	3J44	2025	7	16	22	56
573	89-OU-41	2025	8	13	12	33	3X17	2025	8	13	13	50
574	55-GL-9	2025	12	19	20	58	1F27	2025	12	19	21	59
575	67-NU-62	2025	9	24	18	46	3E12	2025	9	24	23	10
576	34-RL-21	2025	4	6	21	11	3I2	2025	4	6	21	13
577	77-VZ-78	2025	8	20	13	50	3C26	2025	8	20	15	18
578	74-YZ-47	2025	12	13	20	54	3Y50	2025	12	13	22	24
579	93-ID-62	2025	2	17	10	18	1C15	2025	2	17	14	24
580	31-UA-26	2025	3	23	14	42	1F27	2025	3	23	15	54
581	93-QO-58	2025	7	1	14	48	1P27	2025	7	1	16	58
582	9-PI-27	2025	3	22	22	10	2K50	2025	3	22	23	34
583	78-IW-39	2025	5	14	8	17	1L8	2025	5	14	8	29
584	10-VS-33	2025	4	18	11	26	3S20	2025	4	18	14	50
585	95-VY-60	2025	3	7	16	9	1Q14	2025	3	7	18	38
586	14-FF-91	2025	3	3	9	7	3U5	2025	3	3	10	17
587	8-PU-51	2025	1	3	18	31	2E43	2025	1	3	18	44
588	52-EJ-94	2025	1	13	13	32	2M39	2025	1	13	15	53
589	84-YZ-63	2025	6	5	15	26	2J1	2025	6	5	16	38
590	54-ZQ-17	2025	2	20	18	23	3C1	2025	2	20	18	47
591	34-DW-75	2025	6	8	18	17	2A46	2025	6	8	23	27
592	50-BW-48	2025	1	1	20	58	2R8	2025	1	1	21	23
593	86-MT-75	2025	8	22	20	43	3E11	2025	8	22	22	49
594	12-MW-25	2025	12	20	11	37	3X4	2025	12	20	14	59
595	61-KU-82	2025	10	17	12	48	3U39	2025	10	17	14	57
596	83-LU-4	2025	3	21	14	36	1S42	2025	3	21	18	59
597	92-TR-19	2025	10	11	19	28	2S28	2025	10	11	19	32
598	29-EB-28	2025	1	7	20	41	3X47	2025	1	7	22	41
599	79-FK-12	2025	9	23	13	58	3K6	2025	9	23	16	18
600	97-NW-36	2025	5	7	21	12	3B6	2025	5	7	21	12
601	65-KE-4	2025	9	13	15	53	3X43	2025	9	13	15	59
602	43-YW-93	2025	8	4	18	19	1U24	2025	8	4	19	46
603	61-DM-74	2025	12	5	10	32	2U1	2025	12	5	11	53
604	31-QK-9	2025	11	10	21	58	2O26	2025	11	11	0	16
605	42-TS-3	2025	4	1	13	7	1W34	2025	4	1	13	33
606	79-TI-14	2025	12	26	15	56	1H10	2025	12	26	18	10
607	54-HR-64	2025	3	5	15	20	1X4	2025	3	5	15	27
608	31-CO-55	2025	3	21	10	12	3J6	2025	3	21	13	25
609	47-FT-25	2025	8	24	14	43	1V21	2025	8	24	14	5
610	45-XP-90	2025	3	16	14	2	2R5	2025	3	16	19	22
611	92-UD-84	2025	12	3	13	47	3S35	2025	12	3	15	13
612	7-DY-32	2025	12	5	21	43	3S50	2025	12	5	23	54
613	10-BH-78	2025	10	18	9	20	3X1	2025	10	18	10	28
614	19-TZ-0	2025	8	1	10	45	2G23	2025	8	1	10	56
615	58-BS-59	2025	7	29	15	15	1M50	2025	7	29	19	15
616	98-GJ-96	2025	3	8	9	52	3V48	2025	3	8	12	17
617	59-SC-83	2025	11	6	15	10	2M21	2025	11	6	16	14
618	98-HZ-72	2025	6	24	16	20	1C42	2025	6	24	18	28
619	68-YK-35	2025	11	24	18	32	1P49	2025	11	24	21	57
620	27-BN-39	2025	9	1	21	31	1N3	2025	9	2	0	43
621	19-AY-74	2025	2	15	10	26	3S5	2025	2	15	15	41
622	8-AE-28	2025	7	25	15	25	3P37	2025	7	25	15	37
623	4-AA-2	2025	8	18	9	31	3O10	2025	8	18	11	44
624	6-ZO-37	2025	9	28	14	26	2V44	2025	9	28	16	54
625	82-RB-1	2025	12	13	22	33	3R29	2025	12	14	0	40
626	88-NE-51	2025	5	7	15	54	3H12	2025	5	7	18	3
627	16-IX-68	2025	1	6	11	28	1O10	2025	1	6	12	43
628	76-DQ-70	2025	7	25	22	42	3N21	2025	7	25	22	53
629	78-FO-77	2025	12	27	22	35	2S21	2025	12	28	3	5
630	99-AS-72	2025	6	3	19	53	1E49	2025	6	3	19	3
631	41-ME-95	2025	7	5	21	16	3F7	2025	7	6	2	34
632	26-JA-16	2025	4	6	16	22	3S33	2025	4	6	17	29
633	51-YF-13	2025	1	20	13	8	1U22	2025	1	20	15	35
634	39-FR-65	2025	9	29	23	48	1Y49	2025	9	29	23	52
635	73-UZ-87	2025	9	6	16	55	1P14	2025	9	6	19	19
636	56-CJ-83	2025	8	15	14	14	1K38	2025	8	15	18	33
637	7-JX-77	2025	12	26	14	1	3V42	2025	12	26	15	15
638	3-YX-29	2025	10	16	23	30	1K22	2025	10	17	3	31
639	45-JH-97	2025	6	11	19	13	3A33	2025	6	11	21	23
640	89-MW-78	2025	11	10	15	23	3K29	2025	11	10	19	50
641	16-JQ-96	2025	1	28	17	5	2L45	2025	1	28	18	29
642	55-SG-74	2025	9	22	10	13	1O17	2025	9	22	13	29
643	7-ZS-35	2025	5	10	11	17	3O14	2025	5	10	11	32
644	88-SE-65	2025	3	28	9	36	2W29	2025	3	28	12	5
645	59-PP-59	2025	10	24	11	36	1W34	2025	10	24	13	2
646	42-WS-39	2025	1	10	19	50	1V31	2025	1	10	20	4
647	93-OI-75	2025	2	8	16	33	2E47	2025	2	8	21	42
648	53-VX-35	2025	10	3	15	57	2Z18	2025	10	3	19	9
649	62-WZ-7	2025	9	19	21	45	1V29	2025	9	20	0	54
650	62-XU-72	2025	12	26	10	4	1C19	2025	12	26	12	28
651	20-FP-22	2025	6	27	10	18	3S7	2025	6	27	11	32
652	1-AP-31	2025	6	1	9	5	2G16	2025	6	1	12	24
653	83-SB-91	2025	11	13	13	45	1I45	2025	11	13	15	9
654	10-FW-6	2025	6	19	13	31	1U15	2025	6	19	15	56
655	91-XT-7	2025	5	22	9	49	1Q11	2025	5	22	14	2
656	69-QW-97	2025	4	26	17	6	2O24	2025	4	26	17	12
657	67-ML-12	2025	9	5	8	41	1D48	2025	9	5	13	52
658	59-JM-97	2025	11	7	11	4	3Q25	2025	11	7	16	20
659	64-QH-63	2025	12	20	17	23	1G38	2025	12	20	20	30
660	44-ED-57	2025	9	3	17	45	3Y33	2025	9	3	21	51
661	59-PY-99	2025	1	18	8	32	1U9	2025	1	18	11	38
662	53-GB-65	2025	6	6	13	27	2J40	2025	6	6	18	45
663	60-SW-22	2025	12	5	22	34	2M37	2025	12	6	0	37
664	27-KQ-48	2025	4	21	19	29	1N46	2025	4	21	21	45
665	58-VO-38	2025	10	4	11	51	3Q44	2025	10	4	16	59
666	39-YS-85	2025	2	9	15	16	2I9	2025	2	9	16	34
667	35-UU-54	2025	11	25	21	54	3O21	2025	11	26	1	16
668	10-JT-55	2025	5	4	16	38	1D30	2025	5	4	19	0
669	4-YZ-80	2025	7	23	11	50	3A20	2025	7	23	14	16
670	83-YF-32	2025	1	22	17	17	3A10	2025	1	22	17	23
671	96-SY-92	2025	4	23	16	39	1M5	2025	4	23	20	3
672	95-XS-11	2025	4	26	20	36	3Q48	2025	4	26	21	43
673	10-CP-99	2025	5	18	13	46	3N45	2025	5	18	13	54
674	31-SV-70	2025	6	5	9	7	1X11	2025	6	5	9	31
675	26-FX-84	2025	7	15	15	37	2W37	2025	7	15	19	44
676	25-BS-86	2025	4	15	13	31	3F26	2025	4	15	17	39
677	10-JT-95	2025	12	9	9	55	3F37	2025	12	9	9	3
678	81-JM-68	2025	5	26	10	2	3V26	2025	5	26	14	17
679	89-GO-27	2025	12	13	12	43	3L43	2025	12	13	12	1
680	2-FW-95	2025	8	12	8	18	3X2	2025	8	12	13	30
681	18-JO-94	2025	6	1	8	24	2I30	2025	6	1	11	32
682	67-WN-89	2025	4	6	20	1	3U44	2025	4	6	20	4
683	57-VB-74	2025	10	17	10	13	2E4	2025	10	17	13	27
684	55-RX-10	2025	5	22	8	10	2Y7	2025	5	22	9	24
685	22-MR-93	2025	4	29	10	20	3N37	2025	4	29	10	29
686	49-YH-65	2025	4	19	15	18	2S15	2025	4	19	20	47
687	11-CW-38	2025	11	26	23	23	2T28	2025	11	27	3	43
688	93-ZH-32	2025	5	14	19	25	2P8	2025	5	15	0	47
689	33-UX-26	2025	6	1	12	38	2X1	2025	6	1	13	1
690	94-TW-88	2025	5	5	16	46	1G36	2025	5	5	17	1
691	70-IR-6	2025	4	19	11	28	3D36	2025	4	19	14	37
692	82-QO-98	2025	11	4	8	51	3J30	2025	11	4	9	53
693	50-EZ-44	2025	10	20	13	58	3Y1	2025	10	20	13	13
694	19-FX-72	2025	1	29	16	30	1A5	2025	1	29	20	51
695	36-OV-98	2025	8	29	20	7	2V17	2025	8	29	20	28
696	43-QB-13	2025	8	3	20	35	2D31	2025	8	3	22	52
697	69-KP-15	2025	1	26	11	21	1X25	2025	1	26	16	26
698	47-SW-16	2025	1	6	23	2	3F1	2025	1	6	23	24
699	59-JQ-42	2025	7	17	14	31	3S35	2025	7	17	19	38
700	47-CC-55	2025	11	19	23	50	3T13	2025	11	20	4	51
701	4-DZ-8	2025	8	16	20	6	2X29	2025	8	16	20	28
702	62-EX-30	2025	1	18	14	19	1H12	2025	1	18	17	42
703	20-WH-40	2025	3	8	15	9	1W50	2025	3	8	19	32
704	4-BL-32	2025	4	23	10	55	2T28	2025	4	23	15	57
705	97-PV-90	2025	10	24	19	31	1C16	2025	10	25	0	47
706	87-XF-92	2025	3	8	18	27	1P23	2025	3	8	20	32
707	75-TS-63	2025	2	15	14	6	3O1	2025	2	15	16	33
708	53-VO-32	2025	5	1	20	3	2A22	2025	5	1	20	3
709	18-HM-90	2025	4	2	16	59	1Q23	2025	4	2	17	0
710	49-BS-78	2025	7	7	10	54	1X19	2025	7	7	13	16
711	85-QS-96	2025	10	2	11	44	3A41	2025	10	2	14	48
712	95-PG-52	2025	5	9	19	24	2K41	2025	5	9	21	48
713	56-HB-31	2025	9	27	8	32	3L3	2025	9	27	13	40
714	47-WS-88	2025	3	3	15	56	2C46	2025	3	3	20	7
715	55-RN-63	2025	9	17	18	33	1U23	2025	9	17	18	38
716	70-KN-78	2025	2	24	22	30	2G21	2025	2	24	22	53
717	97-MY-89	2025	10	26	13	29	1X31	2025	10	26	16	48
718	52-CW-39	2025	1	18	14	32	3E36	2025	1	18	14	44
719	72-HP-57	2025	1	18	8	30	3N25	2025	1	18	9	43
720	64-VR-43	2025	6	26	10	42	2M12	2025	6	26	11	10
721	64-YS-16	2025	2	7	11	11	2X38	2025	2	7	13	23
722	71-HZ-7	2025	12	21	9	49	2F1	2025	12	21	10	9
723	99-MX-30	2025	6	28	14	49	3Y17	2025	6	28	17	59
724	35-NQ-75	2025	6	3	13	54	3T11	2025	6	3	14	21
725	43-XZ-56	2025	10	18	19	23	3E41	2025	10	18	21	36
726	26-FT-58	2025	3	19	12	4	3J22	2025	3	19	14	22
727	45-AF-37	2025	4	14	14	22	2K45	2025	4	14	18	39
728	35-XM-96	2025	5	23	21	45	2C42	2025	5	23	21	7
729	13-XL-18	2025	4	4	18	33	2Y3	2025	4	4	20	51
730	58-AM-48	2025	12	1	16	51	1Q11	2025	12	1	19	8
731	79-NB-37	2025	5	15	12	24	3M30	2025	5	15	12	41
732	22-FI-51	2025	3	26	10	20	3Y25	2025	3	26	15	48
733	51-RQ-39	2025	3	10	9	30	3K34	2025	3	10	13	37
734	61-RW-98	2025	9	4	14	56	2Q39	2025	9	4	16	18
735	85-CM-90	2025	3	29	19	16	3T28	2025	3	29	19	34
736	60-BT-32	2025	1	22	14	27	3B44	2025	1	22	14	45
737	13-KB-11	2025	9	11	15	22	1Y8	2025	9	11	17	33
738	89-OG-64	2025	1	28	15	28	1R50	2025	1	28	19	40
739	99-HL-72	2025	2	17	10	36	3G1	2025	2	17	13	37
740	42-KU-38	2025	10	22	16	29	3R3	2025	10	22	20	32
741	43-AD-28	2025	6	26	18	34	1S15	2025	6	26	20	57
742	81-LB-40	2025	10	5	14	3	3T5	2025	10	5	19	8
743	92-XX-93	2025	9	1	9	53	2B18	2025	9	1	10	53
744	88-YL-23	2025	11	5	13	0	2O38	2025	11	5	17	17
745	29-VV-0	2025	2	1	10	24	1Y29	2025	2	1	10	40
746	17-YW-3	2025	8	19	13	20	2I45	2025	8	19	15	38
747	16-VK-72	2025	1	18	9	20	3C10	2025	1	18	11	33
748	97-BH-31	2025	11	25	17	12	3G6	2025	11	25	17	34
749	56-FI-45	2025	5	29	10	5	1D14	2025	5	29	10	21
750	36-SH-48	2025	10	6	18	26	3S34	2025	10	6	18	55
751	46-SI-20	2025	4	17	9	9	1O45	2025	4	17	12	34
752	67-KN-42	2025	2	26	16	58	1P15	2025	2	26	20	16
753	11-PA-14	2025	5	4	14	13	1K33	2025	5	4	16	35
754	66-OF-58	2025	1	24	15	18	2C9	2025	1	24	20	28
755	27-PF-5	2025	10	27	11	49	1M31	2025	10	27	16	0
756	23-NC-13	2025	8	26	11	40	3A12	2025	8	26	16	59
757	6-KZ-58	2025	7	14	9	45	2J28	2025	7	14	12	15
758	40-MR-45	2025	11	23	22	14	1O1	2025	11	23	23	27
759	51-WU-33	2025	5	9	14	32	2O39	2025	5	9	17	59
760	88-IO-26	2025	7	23	23	36	1P43	2025	7	24	2	38
761	72-EN-39	2025	12	28	13	27	3S44	2025	12	28	13	44
762	38-LV-19	2025	4	27	8	57	2H48	2025	4	27	12	11
763	90-VZ-74	2025	10	2	17	30	2W43	2025	10	2	21	44
764	43-DJ-38	2025	5	16	13	6	2O14	2025	5	16	15	30
765	33-RD-90	2025	11	26	13	36	2K28	2025	11	26	18	56
766	85-VX-42	2025	12	25	9	16	1R16	2025	12	25	13	28
767	7-YT-48	2025	8	9	19	0	2N46	2025	8	9	23	3
768	21-YV-69	2025	7	9	15	49	3E39	2025	7	9	19	17
769	82-SM-7	2025	10	10	17	10	3F12	2025	10	10	17	28
770	40-AY-67	2025	2	17	23	9	1P12	2025	2	18	0	33
771	35-DR-92	2025	12	8	10	6	1Q21	2025	12	8	15	35
772	29-PA-62	2025	2	2	8	58	3E27	2025	2	2	8	12
773	54-PS-75	2025	7	20	20	9	3E17	2025	7	20	20	11
774	39-MR-55	2025	10	11	20	56	2K42	2025	10	12	0	0
775	80-GQ-56	2025	8	29	8	18	3P19	2025	8	29	9	19
776	53-FV-82	2025	7	8	17	0	1C29	2025	7	8	17	22
777	84-AG-17	2025	2	5	11	3	1A8	2025	2	5	15	25
778	40-HT-61	2025	1	21	11	18	2O4	2025	1	21	11	20
779	32-YA-23	2025	8	8	22	56	2N17	2025	8	9	1	57
780	33-DC-88	2025	10	1	16	25	1V22	2025	10	1	18	50
781	85-HC-84	2025	3	9	18	42	2I38	2025	3	9	21	51
782	86-KE-35	2025	6	9	9	5	3Z23	2025	6	9	14	15
783	75-WV-23	2025	2	25	9	55	3F47	2025	2	25	10	1
784	25-FY-34	2025	8	16	18	57	2C31	2025	8	16	23	19
785	89-PX-19	2025	3	11	14	4	2Z24	2025	3	11	19	26
786	44-MH-63	2025	8	5	14	34	3G21	2025	8	5	17	59
787	3-ER-65	2025	4	17	10	18	2V30	2025	4	17	14	35
788	30-PP-61	2025	5	9	13	12	3L30	2025	5	9	14	16
789	33-SF-31	2025	9	2	18	23	1F3	2025	9	2	22	24
790	11-ED-39	2025	8	17	23	29	3Q41	2025	8	18	3	47
791	18-VU-38	2025	8	17	21	7	2A25	2025	8	17	23	34
792	24-CH-94	2025	2	22	13	51	3Z31	2025	2	22	17	54
793	79-OB-54	2025	3	13	11	12	3G8	2025	3	13	15	34
794	91-HB-46	2025	6	29	12	58	1F29	2025	6	29	17	2
795	37-PQ-74	2025	8	25	9	3	1R31	2025	8	25	11	25
796	51-EN-86	2025	2	17	20	53	3Z32	2025	2	18	1	19
797	90-FC-42	2025	12	8	16	48	3F39	2025	12	8	18	15
798	37-BT-2	2025	11	29	8	52	3Q16	2025	11	29	8	16
799	39-XI-90	2025	1	5	16	40	2C43	2025	1	5	20	46
800	82-CV-56	2025	12	19	23	55	2Q21	2025	12	20	3	19
801	22-OX-30	2025	2	20	20	45	2N34	2025	2	21	1	46
802	78-IQ-40	2025	12	25	9	41	1T37	2025	12	25	11	48
803	3-MJ-92	2025	8	13	17	57	1U47	2025	8	13	21	23
804	25-VD-57	2025	2	2	20	20	1W15	2025	2	2	23	44
805	71-RB-35	2025	8	4	13	6	2B14	2025	8	4	15	16
806	88-TW-85	2025	4	4	22	24	3H31	2025	4	5	3	46
807	32-MO-96	2025	7	10	14	47	3F33	2025	7	10	18	59
808	24-CG-26	2025	10	14	20	33	1W31	2025	10	15	0	48
809	82-SR-31	2025	7	26	8	12	1V37	2025	7	26	9	32
810	60-DH-21	2025	12	3	19	8	1S34	2025	12	3	21	15
811	40-GO-4	2025	11	26	8	49	1A13	2025	11	26	11	1
812	32-TD-75	2025	5	16	16	3	1X1	2025	5	16	18	24
813	10-UI-12	2025	12	27	9	10	2Y29	2025	12	27	11	17
814	76-EL-38	2025	5	9	18	9	3N32	2025	5	9	18	12
815	79-ZL-9	2025	1	14	17	44	3W29	2025	1	14	20	46
816	51-OQ-99	2025	6	15	18	30	3J22	2025	6	15	22	52
817	94-GR-47	2025	3	5	14	50	2R27	2025	3	5	16	59
818	45-HW-64	2025	4	1	11	52	3J3	2025	4	1	11	54
819	36-YD-49	2025	9	16	11	1	1U24	2025	9	16	15	19
820	81-YK-79	2025	10	25	22	55	3W25	2025	10	26	3	12
821	5-MZ-3	2025	12	22	21	11	2U22	2025	12	23	2	24
822	29-YX-1	2025	4	1	20	41	2F19	2025	4	1	23	45
823	52-ZM-60	2025	4	1	17	3	2T26	2025	4	1	17	28
824	51-MU-36	2025	5	17	8	1	3Q45	2025	5	17	13	8
825	83-AT-10	2025	11	5	15	57	2I41	2025	11	5	20	58
826	96-YJ-83	2025	8	11	18	16	1O18	2025	8	11	21	44
827	87-QM-23	2025	10	15	10	53	1W45	2025	10	15	13	3
828	63-FF-51	2025	11	4	8	39	2E50	2025	11	4	11	52
829	52-FH-31	2025	10	24	18	46	3Y4	2025	10	24	19	14
830	67-UQ-80	2025	12	17	20	9	3Q46	2025	12	18	1	23
831	37-AQ-66	2025	2	2	11	28	2T48	2025	2	2	16	28
832	79-SX-29	2025	10	16	21	19	2U39	2025	10	16	22	24
833	87-KA-19	2025	11	21	21	59	2D40	2025	11	22	0	9
834	77-KN-3	2025	12	9	20	51	1J25	2025	12	10	0	9
835	80-SF-62	2025	9	21	23	4	3Z39	2025	9	21	23	32
836	87-BX-20	2025	4	28	15	0	2O18	2025	4	28	18	11
837	62-HE-6	2025	10	1	8	31	2P40	2025	10	1	13	31
838	59-BR-51	2025	12	1	19	41	3H49	2025	12	1	22	0
839	77-BA-28	2025	9	12	23	50	2D26	2025	9	13	4	15
840	10-QB-89	2025	5	3	15	26	2H19	2025	5	3	20	54
841	52-VW-33	2025	12	27	8	46	3I1	2025	12	27	13	0
842	73-ON-65	2025	8	17	13	11	2I15	2025	8	17	16	37
843	73-UJ-7	2025	12	15	17	27	2H20	2025	12	15	17	52
844	53-QE-33	2025	5	10	22	7	3Z16	2025	5	11	2	32
845	33-DH-80	2025	2	25	14	17	3H34	2025	2	25	18	26
846	81-YK-62	2025	8	5	13	32	3T18	2025	8	5	16	1
847	38-RH-28	2025	3	11	8	0	2A19	2025	3	11	9	2
848	47-EU-41	2025	11	5	9	47	2J8	2025	11	5	9	47
849	97-VF-89	2025	4	5	23	17	2K30	2025	4	6	3	26
850	57-AJ-38	2025	4	10	14	1	2N16	2025	4	10	15	10
851	32-YO-45	2025	3	28	12	36	1U41	2025	3	28	14	1
852	77-WZ-43	2025	12	4	9	11	1Z38	2025	12	4	9	33
853	93-HG-47	2025	3	12	17	17	2T22	2025	3	12	21	35
854	75-VC-52	2025	8	12	12	30	2H23	2025	8	12	16	44
855	12-PK-57	2025	4	16	9	59	1N16	2025	4	16	10	5
856	97-LO-86	2025	7	29	20	22	1V18	2025	7	29	23	51
857	42-ZU-28	2025	4	15	21	57	1S32	2025	4	16	2	6
858	82-YX-7	2025	11	10	8	51	3O41	2025	11	10	10	21
859	1-OH-67	2025	9	2	21	28	1Z26	2025	9	3	1	42
860	68-SY-66	2025	5	26	20	12	1T24	2025	5	26	21	33
861	25-MX-56	2025	11	1	20	45	1P4	2025	11	2	1	1
862	66-TP-55	2025	7	8	16	13	3T23	2025	7	8	21	38
863	1-BA-35	2025	1	17	18	21	2P1	2025	1	17	18	22
864	51-WF-27	2025	4	28	11	39	3U12	2025	4	28	12	42
865	92-VO-10	2025	4	28	11	30	1M3	2025	4	28	15	45
866	46-WI-69	2025	10	25	19	7	3Q10	2025	10	25	22	8
867	93-OS-1	2025	5	22	11	50	1B21	2025	5	22	12	56
868	92-CY-58	2025	1	9	10	7	3D45	2025	1	9	11	35
869	66-YS-57	2025	10	12	13	55	1P45	2025	10	12	18	6
870	42-QG-21	2025	7	13	23	14	3P2	2025	7	14	2	23
871	15-JR-27	2025	6	27	13	37	3M41	2025	6	27	18	50
872	38-FS-84	2025	5	9	18	28	2H39	2025	5	9	19	33
873	56-LG-35	2025	11	13	8	43	3D40	2025	11	13	11	46
874	61-GQ-1	2025	5	3	13	56	3W33	2025	5	3	16	23
875	75-OE-56	2025	12	22	11	36	3V39	2025	12	22	16	40
876	7-AT-33	2025	8	4	8	21	2N17	2025	8	4	8	29
877	18-RP-80	2025	8	7	19	13	3G25	2025	8	7	19	20
878	9-SJ-48	2025	11	25	8	38	2G18	2025	11	25	10	40
879	18-HK-38	2025	1	14	17	9	2B29	2025	1	14	21	36
880	76-GH-11	2025	8	23	10	7	2G15	2025	8	23	15	29
881	23-HM-26	2025	11	6	10	15	1G37	2025	11	6	11	42
882	99-ZY-93	2025	1	18	18	55	1W26	2025	1	18	19	16
883	76-EU-28	2025	1	27	23	0	2O10	2025	1	28	4	24
884	79-OP-81	2025	3	6	22	45	2Q18	2025	3	7	1	54
885	99-YY-31	2025	2	16	15	42	2B38	2025	2	16	18	1
886	12-OX-31	2025	3	10	8	41	2E48	2025	3	10	12	47
887	70-EW-33	2025	12	1	9	36	3C44	2025	12	1	14	43
888	18-AI-23	2025	10	11	18	15	3D24	2025	10	11	22	31
889	19-LP-22	2025	11	14	20	11	2O21	2025	11	15	1	41
890	9-AP-9	2025	12	21	10	31	2J7	2025	12	21	13	49
891	54-XY-5	2025	3	12	17	43	3F2	2025	3	12	22	49
892	22-SO-99	2025	9	7	10	21	3E44	2025	9	7	10	39
893	40-PX-88	2025	3	14	13	21	1Q32	2025	3	14	18	26
894	79-PB-91	2025	5	6	17	6	1T47	2025	5	6	19	11
895	41-LA-86	2025	7	29	11	31	1C22	2025	7	29	12	40
896	0-QW-31	2025	2	16	21	27	3Z35	2025	2	16	22	48
897	47-JQ-12	2025	3	16	16	22	2B47	2025	3	16	18	37
898	61-IM-15	2025	2	15	22	30	1G12	2025	2	16	1	41
899	4-NY-99	2025	12	24	10	7	2Q38	2025	12	24	13	17
900	76-DF-77	2025	10	25	18	35	3J3	2025	10	25	21	41
901	74-SY-27	2025	2	5	20	39	2C35	2025	2	5	20	48
902	48-XT-70	2025	2	13	10	33	3Z41	2025	2	13	15	0
903	26-PD-62	2025	5	15	23	9	1S50	2025	5	16	1	12
904	23-CX-48	2025	7	11	14	22	2J35	2025	7	11	18	28
905	23-KD-96	2025	1	12	12	39	1G7	2025	1	12	15	40
906	5-VO-29	2025	12	14	22	30	1P7	2025	12	15	2	55
907	28-GL-17	2025	6	11	9	17	2Z4	2025	6	11	14	34
908	42-KG-90	2025	6	2	23	33	2B35	2025	6	3	4	52
909	97-GK-22	2025	7	10	21	3	3L24	2025	7	10	23	22
910	65-ZM-93	2025	2	23	21	42	2V26	2025	2	24	0	46
911	1-JZ-88	2025	5	20	23	29	3F35	2025	5	21	3	41
912	75-PL-91	2025	8	14	8	30	3N11	2025	8	14	12	49
913	83-MT-68	2025	8	11	16	40	3N45	2025	8	11	18	52
914	99-BJ-54	2025	4	9	16	27	1D4	2025	4	9	20	50
915	60-KA-66	2025	1	7	15	24	1F33	2025	1	7	19	35
916	1-LH-19	2025	9	19	10	45	1Y46	2025	9	19	12	56
917	80-UM-14	2025	10	22	22	6	3U9	2025	10	23	2	34
918	98-DO-80	2025	3	9	11	9	3I20	2025	3	9	13	12
919	16-WH-85	2025	6	16	12	10	3G21	2025	6	16	16	23
920	16-CY-60	2025	3	20	12	38	1Y27	2025	3	20	13	46
921	23-NV-98	2025	2	22	15	20	2A1	2025	2	22	15	40
922	50-KO-76	2025	1	11	22	39	2Y36	2025	1	11	23	2
923	99-HL-58	2025	6	14	11	59	1G40	2025	6	14	13	12
924	32-QQ-75	2025	12	23	11	12	2P40	2025	12	23	11	13
925	63-BP-50	2025	3	6	12	0	1O39	2025	3	6	14	5
926	0-AA-43	2025	2	12	22	6	3V6	2025	2	13	3	29
927	52-JE-67	2025	11	20	22	44	1W35	2025	11	21	3	50
928	5-WO-11	2025	9	4	22	52	1W10	2025	9	5	1	1
929	60-IO-22	2025	4	20	10	56	3M40	2025	4	20	11	24
930	90-VF-75	2025	5	6	15	37	1W50	2025	5	6	16	6
931	83-ED-4	2025	3	27	17	22	1G45	2025	3	27	20	41
932	34-PX-7	2025	9	7	11	28	1C17	2025	9	7	15	34
933	40-WX-76	2025	1	12	13	9	3P19	2025	1	12	18	30
934	90-MG-27	2025	1	10	11	17	2A4	2025	1	10	14	43
935	50-LB-29	2025	2	18	17	30	2Z48	2025	2	18	20	47
936	10-MW-53	2025	1	17	10	24	1H20	2025	1	17	13	39
937	60-EJ-10	2025	8	23	21	8	3K50	2025	8	23	21	32
938	87-PG-39	2025	12	14	22	53	2N31	2025	12	14	22	53
939	97-JD-78	2025	10	7	20	28	2Q29	2025	10	7	21	38
940	95-CZ-14	2025	5	29	8	43	3C36	2025	5	29	12	50
941	72-QU-30	2025	3	7	19	3	2F33	2025	3	7	19	4
942	35-GO-10	2025	8	6	18	32	2J2	2025	8	6	19	45
943	70-EZ-90	2025	1	23	23	39	3N13	2025	1	24	2	43
944	33-HO-34	2025	12	24	11	25	1C46	2025	12	24	12	35
945	74-PF-35	2025	9	17	16	17	1R26	2025	9	17	21	43
946	73-LD-47	2025	6	18	14	38	2N44	2025	6	18	16	53
947	80-QI-68	2025	2	14	21	16	1Y42	2025	2	14	23	20
948	97-RU-25	2025	10	16	20	14	2B47	2025	10	16	23	41
949	58-YZ-22	2025	12	14	23	32	3N45	2025	12	14	23	55
950	0-AK-21	2025	4	21	20	11	3M45	2025	4	21	22	27
951	98-AI-37	2025	8	7	21	44	2Q27	2025	8	8	1	46
952	20-PE-7	2025	10	21	14	34	3Z30	2025	10	21	15	53
953	24-MK-8	2025	1	7	12	25	1H1	2025	1	7	13	26
954	84-RZ-77	2025	11	13	18	48	2F27	2025	11	13	21	9
955	17-AE-70	2025	5	23	19	7	1T14	2025	5	24	0	37
956	8-WH-52	2025	10	23	9	50	2K17	2025	10	23	12	18
957	31-XM-74	2025	6	22	15	41	3R26	2025	6	22	19	51
958	73-CF-91	2025	4	12	23	35	3B45	2025	4	13	2	54
959	16-TB-35	2025	1	19	20	52	2P24	2025	1	20	1	10
960	75-CR-64	2025	11	4	9	53	1A40	2025	11	4	13	13
961	21-SQ-57	2025	4	4	19	30	3X32	2025	4	4	21	34
962	63-BT-55	2025	7	17	21	8	3N9	2025	7	17	21	8
963	49-ME-41	2025	4	26	13	23	1X50	2025	4	26	16	28
964	32-VV-78	2025	5	7	14	41	3Z14	2025	5	7	16	55
965	71-NY-10	2025	11	6	9	57	2R17	2025	11	6	12	11
966	41-WN-99	2025	6	15	10	0	2I3	2025	6	15	15	25
967	7-CH-28	2025	1	16	16	17	3Y11	2025	1	16	20	19
968	89-PP-76	2025	6	2	11	44	3M22	2025	6	2	11	51
969	51-OB-46	2025	2	9	8	8	2S9	2025	2	9	9	13
970	34-KW-23	2025	1	2	14	8	2H6	2025	1	2	18	10
971	1-CD-22	2025	4	16	17	27	1W44	2025	4	16	20	45
972	13-XH-64	2025	10	14	9	19	1V11	2025	10	14	10	23
973	19-PD-99	2025	10	11	21	42	2B36	2025	10	12	1	51
974	56-VJ-10	2025	7	10	11	50	2E32	2025	7	10	13	10
975	12-AA-7	2025	11	19	23	39	1P20	2025	11	20	4	47
976	27-BU-2	2025	9	22	17	39	3A17	2025	9	22	18	53
977	78-BM-42	2025	2	25	18	17	3W18	2025	2	25	22	46
978	47-UO-40	2025	6	20	16	58	3R10	2025	6	20	16	27
979	50-VW-43	2025	10	21	23	10	2I8	2025	10	22	3	21
980	72-ED-0	2025	9	10	9	31	3F26	2025	9	10	13	33
981	0-QU-89	2025	5	11	16	54	3Q5	2025	5	11	19	22
982	30-YA-1	2025	10	18	18	48	2X23	2025	10	18	21	7
983	30-GN-77	2025	8	26	22	8	1F8	2025	8	26	22	16
984	19-LT-19	2025	11	11	23	56	1V32	2025	11	12	0	22
985	76-BI-55	2025	8	19	20	19	2C21	2025	8	19	21	23
986	17-JH-26	2025	4	6	22	41	3M38	2025	4	7	2	59
987	64-DU-45	2025	5	24	20	12	3Q29	2025	5	25	1	16
988	37-SR-62	2025	2	19	15	18	2U43	2025	2	19	15	25
989	84-OK-54	2025	5	15	8	59	2T48	2025	5	15	12	4
990	39-SJ-80	2025	9	27	22	3	2O37	2025	9	28	3	19
991	74-DF-25	2025	6	21	19	45	3L41	2025	6	21	22	15
992	46-WV-27	2025	3	16	8	12	1D45	2025	3	16	13	41
993	63-SH-52	2025	8	15	20	2	3E45	2025	8	16	1	14
994	19-UG-17	2025	12	13	17	27	1Y28	2025	12	13	22	52
995	14-MN-8	2025	6	8	17	32	3B30	2025	6	8	18	40
996	45-YV-81	2025	1	5	17	41	1R8	2025	1	5	19	7
997	75-SV-13	2025	3	14	11	20	3J2	2025	3	14	15	26
998	50-FU-70	2025	11	29	15	43	1C18	2025	11	29	16	9
999	12-ZB-74	2025	1	3	11	32	1L22	2025	1	3	16	47
1000	20-HM-63	2025	7	3	9	54	1P50	2025	7	3	10	15
